2000 2098
2 1
3 2
4 3
5 4
6 5
7 6
8 7
9 8
10 9
11 10
12 11
13 12
14 13
15 14
16 15
17 16
18 17
19 18
20 19
21 20
22 21
23 22
24 23
25 24
26 25
27 26
28 24
29 28
30 29
31 30
32 31
33 32
34 33
35 34
36 35
37 36
38 37
39 38
40 39
41 40
42 41
43 42
44 43
45 44
46 45
47 46
48 47
49 48
50 49
51 50
52 51
53 52
54 53
55 54
56 55
57 6
58 57
59 58
60 59
61 60
62 61
63 62
64 63
65 64
66 65
67 28
68 67
69 21
70 69
71 70
72 71
73 10
74 73
75 41
76 75
77 76
78 77
79 78
80 79
81 80
82 64
83 68
84 83
85 58
86 28
87 7
88 87
89 88
90 89
91 90
92 91
93 92
94 93
95 94
96 95
97 96
98 97
99 98
100 11
101 100
102 101
103 102
104 103
105 30
106 55
107 106
108 15
109 108
110 109
111 110
112 75
113 112
114 113
115 36
116 115
117 116
118 117
119 12
120 119
121 120
122 121
123 26
124 123
125 124
126 125
127 126
128 127
129 128
130 69
131 130
132 131
133 132
134 133
135 134
136 90
137 136
138 20
139 138
140 139
141 140
142 141
143 142
144 11
145 144
146 145
147 146
148 147
149 65
150 126
151 84
152 17
153 152
154 153
155 154
156 155
157 156
158 157
159 158
160 159
161 160
162 161
163 162
164 141
165 164
166 165
167 38
168 167
169 168
170 169
171 170
172 12
173 172
174 173
175 24
176 48
177 176
178 177
179 113
180 76
181 108
182 54
183 51
184 27
185 176
186 185
187 123
188 187
189 188
190 68
191 190
192 191
193 192
194 113
195 194
196 195
197 118
198 197
199 69
200 199
201 155
202 201
203 202
204 203
205 204
206 205
207 206
208 207
209 208
210 209
211 210
212 211
213 94
214 213
215 214
216 40
217 13
218 217
219 214
220 200
221 220
222 24
223 216
224 201
225 224
226 225
227 226
228 201
229 113
230 86
231 47
232 106
233 232
234 65
235 186
236 235
237 145
238 137
239 238
240 40
241 240
242 128
243 242
244 243
245 84
246 245
247 246
248 13
249 197
250 239
251 250
252 199
253 4
254 89
255 254
256 255
257 256
258 176
259 32
260 48
261 13
262 261
263 94
264 18
265 264
266 265
267 192
268 267
269 112
270 269
271 270
272 76
273 42
274 101
275 274
276 76
277 276
278 190
279 25
280 279
281 164
282 281
283 128
284 283
285 196
286 264
287 286
288 287
289 42
290 289
291 290
292 291
293 52
294 80
295 294
296 188
297 296
298 108
299 298
300 299
301 23
302 301
303 8
304 107
305 304
306 305
307 245
308 307
309 227
310 145
311 105
312 235
313 312
314 50
315 38
316 288
317 63
318 317
319 145
320 319
321 320
322 100
323 300
324 323
325 38
326 240
327 203
328 327
329 81
330 48
331 330
332 272
333 332
334 66
335 52
336 108
337 120
338 30
339 28
340 267
341 328
342 65
343 24
344 343
345 71
346 278
347 317
348 50
349 37
350 32
351 183
352 165
353 352
354 353
355 73
356 59
357 181
358 9
359 35
360 359
361 360
362 161
363 30
364 231
365 364
366 23
367 366
368 101
369 368
370 369
371 279
372 98
373 69
374 61
375 83
376 375
377 93
378 377
379 378
380 14
381 147
382 135
383 382
384 301
385 53
386 385
387 131
388 363
389 275
390 389
391 390
392 17
393 392
394 122
395 258
396 376
397 169
398 89
399 143
400 82
401 327
402 295
403 69
404 15
405 80
406 405
407 207
408 42
409 408
410 33
411 410
412 32
413 35
414 413
415 99
416 109
417 5
418 271
419 329
420 419
421 263
422 362
423 259
424 423
425 424
426 109
427 426
428 427
429 108
430 429
431 138
432 106
433 428
434 224
435 434
436 56
437 57
438 214
439 379
440 137
441 27
442 89
443 356
444 398
445 67
446 445
447 138
448 222
449 213
450 100
451 190
452 355
453 384
454 277
455 103
456 455
457 199
458 441
459 353
460 459
461 130
462 173
463 342
464 463
465 241
466 348
467 29
468 467
469 91
470 137
471 260
472 289
473 2
474 51
475 474
476 475
477 153
478 3
479 478
480 128
481 100
482 481
483 103
484 301
485 269
486 2
487 219
488 210
489 200
490 489
491 200
492 357
493 492
494 5
495 164
496 188
497 496
498 497
499 377
500 408
501 354
502 167
503 92
504 227
505 48
506 186
507 328
508 118
509 25
510 509
511 26
512 506
513 397
514 265
515 72
516 193
517 186
518 93
519 352
520 519
521 302
522 521
523 100
524 365
525 184
526 167
527 332
528 342
529 48
530 15
531 249
532 109
533 37
534 28
535 82
536 535
537 227
538 251
539 480
540 227
541 540
542 541
543 542
544 19
545 117
546 545
547 493
548 273
549 133
550 38
551 79
552 197
553 332
554 191
555 101
556 316
557 8
558 352
559 412
560 146
561 203
562 377
563 323
564 277
565 298
566 480
567 268
568 103
569 134
570 74
571 217
572 173
573 108
574 1
575 193
576 190
577 576
578 469
579 578
580 186
581 580
582 115
583 47
584 408
585 360
586 585
587 586
588 133
589 34
590 589
591 590
592 554
593 161
594 25
595 594
596 370
597 596
598 94
599 211
600 599
601 88
602 188
603 602
604 122
605 549
606 458
607 113
608 22
609 260
610 609
611 610
612 300
613 612
614 324
615 614
616 20
617 359
618 17
619 618
620 111
621 97
622 621
623 622
624 54
625 218
626 217
627 219
628 587
629 319
630 123
631 21
632 489
633 632
634 3
635 179
636 544
637 269
638 129
639 245
640 168
641 21
642 567
643 598
644 622
645 31
646 189
647 99
648 124
649 122
650 291
651 155
652 13
653 324
654 409
655 36
656 67
657 219
658 657
659 59
660 36
661 336
662 97
663 61
664 79
665 223
666 571
667 21
668 34
669 217
670 355
671 670
672 464
673 54
674 390
675 674
676 35
677 33
678 9
679 494
680 679
681 162
682 471
683 487
684 88
685 56
686 45
687 488
688 89
689 43
690 555
691 258
692 458
693 403
694 693
695 245
696 401
697 208
698 332
699 698
700 17
701 213
702 184
703 77
704 25
705 140
706 144
707 706
708 195
709 23
710 114
711 66
712 74
713 490
714 5
715 306
716 715
717 261
718 195
719 611
720 262
721 149
722 721
723 17
724 723
725 154
726 725
727 23
728 57
729 180
730 329
731 464
732 123
733 297
734 446
735 457
736 440
737 181
738 22
739 457
740 618
741 131
742 173
743 186
744 14
745 55
746 636
747 10
748 529
749 44
750 578
751 375
752 265
753 76
754 409
755 212
756 359
757 167
758 25
759 49
760 13
761 166
762 100
763 502
764 763
765 721
766 329
767 13
768 510
769 215
770 312
771 416
772 72
773 758
774 223
775 526
776 460
777 304
778 409
779 73
780 16
781 436
782 220
783 207
784 403
785 426
786 562
787 115
788 280
789 17
790 12
791 28
792 258
793 175
794 506
795 105
796 112
797 573
798 387
799 516
800 286
801 284
802 227
803 59
804 85
805 372
806 214
807 192
808 201
809 10
810 631
811 353
812 377
813 61
814 11
815 413
816 425
817 816
818 341
819 818
820 147
821 820
822 414
823 486
824 46
825 606
826 494
827 215
828 827
829 828
830 251
831 84
832 338
833 471
834 165
835 327
836 630
837 472
838 70
839 838
840 170
841 130
842 55
843 153
844 352
845 448
846 97
847 281
848 56
849 137
850 98
851 267
852 75
853 159
854 571
855 141
856 95
857 856
858 435
859 287
860 19
861 186
862 92
863 53
864 163
865 864
866 522
867 279
868 52
869 171
870 57
871 487
872 205
873 93
874 873
875 4
876 422
877 743
878 336
879 17
880 88
881 230
882 345
883 199
884 47
885 884
886 465
887 253
888 159
889 569
890 725
891 210
892 56
893 611
894 60
895 574
896 895
897 235
898 308
899 143
900 212
901 28
902 284
903 3
904 64
905 83
906 484
907 55
908 505
909 210
910 807
911 641
912 157
913 195
914 429
915 231
916 546
917 566
918 408
919 800
920 3
921 359
922 394
923 186
924 923
925 97
926 413
927 737
928 130
929 151
930 387
931 220
932 90
933 266
934 239
935 934
936 708
937 481
938 761
939 112
940 939
941 68
942 508
943 942
944 943
945 57
946 945
947 96
948 30
949 124
950 223
951 81
952 69
953 952
954 218
955 620
956 644
957 51
958 266
959 25
960 270
961 274
962 35
963 301
964 564
965 149
966 265
967 292
968 1
969 73
970 4
971 362
972 847
973 278
974 376
975 326
976 975
977 195
978 714
979 385
980 186
981 123
982 399
983 135
984 229
985 1
986 43
987 107
988 164
989 193
990 216
991 19
992 251
993 992
994 265
995 283
996 805
997 707
998 540
999 499
1000 169
1001 488
1002 522
1003 654
1004 60
1005 360
1006 363
1007 168
1008 95
1009 85
1010 49
1011 975
1012 225
1013 159
1014 430
1015 213
1016 31
1017 221
1018 171
1019 37
1020 166
1021 135
1022 244
1023 126
1024 276
1025 372
1026 688
1027 695
1028 216
1029 82
1030 44
1031 86
1032 292
1033 1032
1034 329
1035 945
1036 521
1037 342
1038 74
1039 120
1040 574
1041 322
1042 1041
1043 176
1044 409
1045 250
1046 300
1047 428
1048 1047
1049 141
1050 94
1051 885
1052 1051
1053 244
1054 5
1055 70
1056 252
1057 283
1058 145
1059 90
1060 148
1061 616
1062 13
1063 446
1064 309
1065 304
1066 990
1067 188
1068 467
1069 371
1070 67
1071 330
1072 194
1073 104
1074 473
1075 177
1076 950
1077 172
1078 834
1079 61
1080 483
1081 120
1082 75
1083 403
1084 8
1085 1080
1086 302
1087 22
1088 123
1089 336
1090 41
1091 450
1092 61
1093 94
1094 97
1095 318
1096 289
1097 384
1098 27
1099 108
1100 97
1101 269
1102 105
1103 328
1104 1103
1105 116
1106 795
1107 527
1108 7
1109 596
1110 729
1111 443
1112 189
1113 555
1114 189
1115 454
1116 99
1117 1046
1118 226
1119 318
1120 164
1121 1120
1122 133
1123 53
1124 88
1125 31
1126 50
1127 1126
1128 1022
1129 128
1130 306
1131 224
1132 153
1133 398
1134 238
1135 409
1136 55
1137 273
1138 277
1139 239
1140 1139
1141 147
1142 154
1143 244
1144 10
1145 82
1146 61
1147 945
1148 196
1149 635
1150 101
1151 6
1152 76
1153 159
1154 485
1155 842
1156 187
1157 202
1158 140
1159 342
1160 701
1161 287
1162 30
1163 80
1164 126
1165 98
1166 2
1167 58
1168 1167
1169 15
1170 634
1171 670
1172 154
1173 33
1174 23
1175 428
1176 24
1177 76
1178 71
1179 429
1180 328
1181 14
1182 1027
1183 494
1184 422
1185 302
1186 30
1187 158
1188 35
1189 529
1190 41
1191 337
1192 371
1193 342
1194 95
1195 194
1196 1
1197 824
1198 232
1199 394
1200 55
1201 271
1202 579
1203 196
1204 649
1205 231
1206 88
1207 825
1208 250
1209 80
1210 7
1211 312
1212 234
1213 90
1214 438
1215 106
1216 387
1217 30
1218 35
1219 282
1220 95
1221 501
1222 132
1223 410
1224 65
1225 170
1226 868
1227 39
1228 507
1229 113
1230 651
1231 440
1232 341
1233 192
1234 93
1235 80
1236 1235
1237 656
1238 18
1239 48
1240 369
1241 533
1242 396
1243 281
1244 9
1245 733
1246 361
1247 191
1248 22
1249 863
1250 30
1251 668
1252 301
1253 467
1254 110
1255 3
1256 207
1257 366
1258 228
1259 184
1260 244
1261 27
1262 340
1263 63
1264 23
1265 245
1266 17
1267 563
1268 268
1269 301
1270 8
1271 362
1272 691
1273 26
1274 654
1275 374
1276 471
1277 98
1278 1058
1279 44
1280 41
1281 82
1282 408
1283 412
1284 580
1285 146
1286 2
1287 105
1288 50
1289 367
1290 281
1291 355
1292 95
1293 806
1294 667
1295 7
1296 204
1297 229
1298 163
1299 312
1300 290
1301 154
1302 780
1303 448
1304 640
1305 817
1306 150
1307 1264
1308 123
1309 305
1310 262
1311 223
1312 646
1313 16
1314 1023
1315 803
1316 717
1317 100
1318 143
1319 173
1320 374
1321 41
1322 761
1323 430
1324 68
1325 382
1326 26
1327 7
1328 64
1329 341
1330 336
1331 2
1332 715
1333 80
1334 125
1335 200
1336 635
1337 847
1338 294
1339 32
1340 271
1341 1113
1342 142
1343 94
1344 244
1345 950
1346 506
1347 187
1348 129
1349 1261
1350 72
1351 505
1352 343
1353 33
1354 258
1355 420
1356 315
1357 71
1358 82
1359 69
1360 646
1361 190
1362 29
1363 522
1364 244
1365 10
1366 88
1367 212
1368 235
1369 183
1370 431
1371 242
1372 351
1373 96
1374 101
1375 178
1376 55
1377 239
1378 296
1379 64
1380 1379
1381 40
1382 112
1383 360
1384 389
1385 94
1386 1322
1387 1152
1388 25
1389 45
1390 77
1391 34
1392 552
1393 54
1394 740
1395 22
1396 209
1397 230
1398 746
1399 436
1400 424
1401 531
1402 1401
1403 1402
1404 70
1405 1404
1406 87
1407 540
1408 98
1409 36
1410 445
1411 207
1412 427
1413 41
1414 784
1415 110
1416 190
1417 19
1418 481
1419 278
1420 72
1421 267
1422 343
1423 509
1424 133
1425 489
1426 502
1427 97
1428 26
1429 932
1430 386
1431 327
1432 347
1433 283
1434 348
1435 171
1436 1413
1437 221
1438 173
1439 858
1440 176
1441 174
1442 890
1443 64
1444 155
1445 239
1446 62
1447 361
1448 14
1449 176
1450 364
1451 382
1452 385
1453 973
1454 327
1455 165
1456 606
1457 1129
1458 135
1459 171
1460 244
1461 786
1462 216
1463 608
1464 782
1465 256
1466 7
1467 435
1468 31
1469 679
1470 34
1471 467
1472 131
1473 25
1474 1041
1475 302
1476 287
1477 1183
1478 190
1479 137
1480 480
1481 1344
1482 71
1483 51
1484 778
1485 134
1486 190
1487 73
1488 110
1489 110
1490 299
1491 231
1492 346
1493 292
1494 377
1495 290
1496 398
1497 211
1498 221
1499 86
1500 331
1501 275
1502 70
1503 16
1504 840
1505 291
1506 104
1507 143
1508 46
1509 152
1510 101
1511 120
1512 56
1513 48
1514 153
1515 543
1516 404
1517 402
1518 172
1519 154
1520 66
1521 41
1522 245
1523 359
1524 139
1525 461
1526 40
1527 274
1528 728
1529 125
1530 207
1531 170
1532 152
1533 47
1534 622
1535 58
1536 597
1537 485
1538 561
1539 220
1540 40
1541 1375
1542 850
1543 204
1544 77
1545 1177
1546 371
1547 760
1548 317
1549 182
1550 41
1551 292
1552 378
1553 4
1554 284
1555 929
1556 184
1557 73
1558 196
1559 43
1560 509
1561 25
1562 365
1563 813
1564 1563
1565 1343
1566 375
1567 361
1568 109
1569 340
1570 166
1571 292
1572 294
1573 479
1574 252
1575 922
1576 465
1577 609
1578 155
1579 344
1580 1440
1581 491
1582 154
1583 354
1584 26
1585 94
1586 662
1587 1357
1588 178
1589 478
1590 161
1591 119
1592 709
1593 185
1594 390
1595 5
1596 79
1597 264
1598 84
1599 119
1600 456
1601 572
1602 52
1603 1602
1604 431
1605 600
1606 36
1607 437
1608 1026
1609 48
1610 117
1611 219
1612 638
1613 246
1614 301
1615 421
1616 73
1617 48
1618 445
1619 349
1620 141
1621 227
1622 32
1623 1008
1624 356
1625 966
1626 969
1627 63
1628 131
1629 207
1630 424
1631 25
1632 175
1633 46
1634 57
1635 553
1636 339
1637 117
1638 54
1639 360
1640 1303
1641 476
1642 981
1643 140
1644 125
1645 458
1646 689
1647 42
1648 376
1649 657
1650 87
1651 1006
1652 70
1653 32
1654 54
1655 382
1656 526
1657 476
1658 185
1659 732
1660 350
1661 143
1662 86
1663 97
1664 398
1665 24
1666 43
1667 830
1668 84
1669 936
1670 111
1671 549
1672 684
1673 178
1674 529
1675 172
1676 475
1677 125
1678 972
1679 174
1680 175
1681 136
1682 415
1683 90
1684 75
1685 491
1686 77
1687 51
1688 319
1689 151
1690 790
1691 25
1692 63
1693 220
1694 219
1695 271
1696 285
1697 234
1698 57
1699 23
1700 472
1701 1364
1702 479
1703 413
1704 91
1705 162
1706 241
1707 104
1708 185
1709 112
1710 265
1711 540
1712 1201
1713 89
1714 83
1715 514
1716 42
1717 246
1718 714
1719 26
1720 150
1721 28
1722 101
1723 114
1724 173
1725 240
1726 382
1727 519
1728 102
1729 273
1730 59
1731 658
1732 355
1733 419
1734 167
1735 518
1736 179
1737 102
1738 91
1739 49
1740 875
1741 8
1742 249
1743 182
1744 13
1745 96
1746 1
1747 164
1748 176
1749 911
1750 146
1751 25
1752 64
1753 424
1754 226
1755 157
1756 396
1757 556
1758 79
1759 309
1760 612
1761 599
1762 150
1763 32
1764 267
1765 78
1766 226
1767 606
1768 497
1769 410
1770 327
1771 75
1772 176
1773 105
1774 57
1775 510
1776 259
1777 321
1778 116
1779 494
1780 1188
1781 920
1782 85
1783 242
1784 771
1785 349
1786 34
1787 376
1788 816
1789 304
1790 74
1791 134
1792 430
1793 135
1794 143
1795 236
1796 809
1797 554
1798 104
1799 78
1800 861
1801 245
1802 693
1803 1145
1804 696
1805 191
1806 174
1807 191
1808 92
1809 718
1810 197
1811 848
1812 51
1813 466
1814 254
1815 177
1816 150
1817 39
1818 286
1819 329
1820 609
1821 152
1822 63
1823 491
1824 1534
1825 85
1826 449
1827 93
1828 717
1829 278
1830 226
1831 120
1832 148
1833 921
1834 42
1835 86
1836 974
1837 191
1838 162
1839 381
1840 371
1841 390
1842 566
1843 918
1844 236
1845 84
1846 398
1847 528
1848 1198
1849 80
1850 191
1851 619
1852 99
1853 453
1854 253
1855 65
1856 45
1857 52
1858 583
1859 62
1860 1045
1861 83
1862 830
1863 499
1864 126
1865 217
1866 64
1867 390
1868 538
1869 32
1870 141
1871 149
1872 1871
1873 202
1874 130
1875 63
1876 1860
1877 802
1878 124
1879 567
1880 11
1881 129
1882 105
1883 380
1884 270
1885 60
1886 210
1887 162
1888 291
1889 538
1890 112
1891 8
1892 130
1893 171
1894 172
1895 406
1896 535
1897 39
1898 731
1899 160
1900 213
1901 64
1902 608
1903 403
1904 489
1905 216
1906 366
1907 274
1908 5
1909 125
1910 483
1911 139
1912 388
1913 53
1914 20
1915 4
1916 287
1917 898
1918 96
1919 281
1920 173
1921 1058
1922 992
1923 438
1924 5
1925 405
1926 249
1927 12
1928 297
1929 146
1930 16
1931 148
1932 286
1933 58
1934 162
1935 1
1936 179
1937 308
1938 581
1939 499
1940 830
1941 66
1942 18
1943 134
1944 387
1945 224
1946 462
1947 57
1948 194
1949 443
1950 13
1951 215
1952 293
1953 164
1954 71
1955 1197
1956 20
1957 982
1958 81
1959 727
1960 96
1961 198
1962 162
1963 59
1964 138
1965 78
1966 321
1967 459
1968 57
1969 841
1970 739
1971 705
1972 33
1973 195
1974 153
1975 919
1976 789
1977 33
1978 816
1979 381
1980 31
1981 520
1982 895
1983 933
1984 266
1985 39
1986 159
1987 821
1988 30
1989 139
1990 634
1991 1018
1992 774
1993 85
1994 256
1995 108
1996 356
1997 333
1998 109
1999 229
2000 79
1660 68
811 1111
112 156
521 379
399 1074
1648 202
51 342
312 1907
1551 90
559 1871
1667 63
249 456
54 779
454 1637
1596 10
1714 1119
1236 1585
989 532
1980 1672
333 463
1001 605
467 1870
1952 337
1063 1853
1660 652
648 1560
928 437
1569 191
348 1934
1598 620
1748 497
466 1698
1881 213
1121 1923
1970 1
766 1208
559 1802
119 1194
474 971
326 147
633 1206
877 550
1560 1385
1674 450
1481 23
1110 969
1298 1240
1729 809
232 1905
1938 324
1997 617
755 860
1201 944
1048 1963
1383 26
1072 680
79 353
344 152
177 1890
1615 1990
1665 491
1302 201
715 1185
959 1266
446 830
1928 1698
314 971
897 1452
1653 1699
135 1959
654 255
1984 873
1955 1273
240 1519
1587 1394
930 862
777 361
1765 12
189 157
284 849
1333 901
1333 579
1973 365
112 1397
898 883
1186 1663
1882 373
1260 215
655 256
495 355
1188 449
1067 928
1397 433
885 479
1630 412
115 1591
694 515
37 1911
980 1911
40
1 13 17 30 32 41 48 57 100 108 159 175 184 284 446 467 618 741 776 793 802 824 875 893 948 1225 1346 1351 1357 1460 1570 1577 1583 1629 1640 1643 1703 1915 1946 1950
0.00 357.71 473.27 1412.46 4543.50 6262.91 6639.43 7007.86 8573.69 9535.48 11399.42 14614.80 14912.38 16453.46 17384.39 19583.81 20302.40 24096.78 26572.13 28904.90 32256.25 45265.86 51091.42 56866.32 64691.88 71588.80 76495.52 57509.29 66563.43 77070.33 80676.17 99769.87 101112.58 101721.89 110592.13 117650.16 119712.13 126189.71 140287.91 150367.76 150913.12 158057.88 190646.61 199280.38 225783.56 267416.61 270300.79 335396.45 370650.07 455245.89 503941.81 506791.53 551473.78 558499.23 608717.67 689394.50 6418.46 7341.83 8597.44 8801.77 10284.68 12429.30 12461.47 12613.93 16816.30 17130.38 61759.52 63431.88 33188.69 36330.99 36683.87 38832.11 12812.26 12894.89 171402.38 189110.90 189299.21 201489.68 242328.64 244107.71 278627.19 13833.77 63906.45 71214.34 7590.73 58828.92 9451.97 9583.90 9653.18 11716.10 12851.85 13011.69 13124.92 13187.87 13276.00 14617.09 16888.30 17163.63 21468.97 11589.26 11829.31 12598.06 13045.78 13657.43 94145.96 617745.79 723792.06 17385.39 18192.78 19498.67 22938.05 175813.15 243807.57 245365.02 127196.92 159274.70 176070.83 190203.10 15196.43 16110.45 17564.48 18953.88 72829.79 75248.98 82023.97 91936.32 96196.30 98995.15 102043.21 34860.11 39470.65 52366.52 60271.31 63144.55 63868.40 11945.16 13888.46 31994.27 35387.35 41238.62 42780.60 54747.31 62337.73 12664.18 13486.91 15068.36 16346.66 18059.54 16827.69 92167.26 76313.46 20318.46 22587.19 24698.22 25906.90 29004.29 35466.27 38855.72 40406.89 44424.25 48118.46 51784.46 85483.66 51776.91 53127.81 67260.52 131569.72 133458.30 137230.57 147556.97 191631.62 14650.37 14671.71 15944.67 60367.23 571880.50 585562.51 599694.91 322229.05 222638.29 21898.91 711549.38 571338.91 82919.05 596117.38 693905.77 86082.70 89498.14 95399.19 67983.39 81628.29 86087.61 110770.89 284348.51 303552.43 308437.67 239657.23 248905.97 37094.39 40383.12 33203.79 34805.15 35960.07 37364.63 43399.97 49658.07 56918.22 67449.83 75243.66 81461.25 93587.53 99206.64 18663.71 19108.07 23815.69 165330.27 15420.31 17410.35 21425.10 42360.21 44909.94 68442.11 179131.67 41598.32 42055.33 45166.95 57317.43 34729.86 264634.75 68046.51 285798.98 655443.22 822195.56 17390.19 899788.37 1049116.29 15085.86 15145.13 15488.28 152150.46 153983.34 99362.20 102206.99 108552.88 91390.84 94562.82 98318.56 15014.97 259391.75 15727.57 16685.24 39744.03 1433.45 11640.57 11658.69 11763.29 14931.24 591060.98 111874.72 345201.47 16815.02 20878.98 16414.67 28018.05 36073.16 36173.49 89421.82 92668.49 217569.25 225976.43 283169.41 232311.08 179281.62 12285.08 14509.67 208290.41 210462.53 68383.51 67084.90 67446.59 53126.57 54881.81 105604.92 122138.52 317541.70 28355.11 28851.10 31773.40 163598.66 228467.38 240968.13 273811.71 533624.87 251959.88 293385.54 90093.50 92475.99 18480.43 19102.17 19760.77 52124.98 55098.72 7924.40 779098.73 1098157.71 1522362.24 107811.85 118266.21 66851.80 13980.75 102211.73 1004712.22 1065479.35 458617.67 130137.54 33916.19 13908.48 14548.57 16437.76 16574.04 17216.33 11950.26 21958.70 25794.49 196489.48 161748.20 46274.94 46503.81 322223.61 426928.06 434458.09 372867.66 391622.53 18786.04 531595.57 24299.67 16299.21 79586.40 64880.56 102598.16 49879.03 17310.61 64415.24 64625.22 36925.83 71697.64 17536.36 460752.84 132089.13 101804.15 676447.92 54360.90 54415.79 55878.75 13228.51 11008.47 23186.59 8918.52 124954.77 131379.35 154448.41 48773.66 82668.92 348980.05 350149.90 53596.00 62660.59 13484.87 16280.60 17866.27 67321.37 18188.04 34524.18 14252.42 87543.79 102971.03 14673.12 17144.09 21726.07 19198.53 17652.68 69472.31 89093.68 64906.45 556577.17 750085.36 45684.74 85693.77 17107.21 18755.28 22192.96 20583.45 23800.33 23053.72 598662.24 115584.64 141616.68 10394.03 66235.08 14683.49 49216.76 307466.01 38705.28 17920.42 253206.59 297969.63 60958.03 158758.74 225637.64 107328.08 122322.40 101412.61 111954.32 132426.01 22901.03 18305.92 5600.56 339750.73 326996.13 331008.30 16917.90 59691.51 139381.17 171568.56 184844.66 25302.68 28792.76 32037.19 18520.88 26644.42 32464.82 635632.06 32288.61 55450.03 69423.62 698357.71 8107.08 21988.65 22915.81 19205.25 84126.06 9746.71 11859.33 11235.86 61963.98 66366.84 35420.08 74091.02 19995.80 13559.90 74860.79 13412.32 65525.49 256754.60 13413.85 14038.99 37679.69 89983.46 70434.26 80399.74 50374.15 17792.95 22672.41 29796.98 168544.10 461192.14 69997.94 71064.32 14184.85 16601.37 361482.39 186072.37 1453.61 574831.93 628851.34 683249.82 27430.89 613.31 1138.56 106536.21 11951.03 17310.15 15300.88 57121.27 254409.86 415.09 21528.91 86565.34 46871.78 49280.85 42693.14 23903.63 24393.78 5633.76 55360.10 97993.24 102239.98 124347.85 19548.67 162993.30 56041.03 132744.18 16048.68 60437.40 391275.40 770179.46 51231.57 191648.25 66652.91 72213.43 86090.67 773728.20 178609.02 38365.52 42799.42 114771.74 700355.60 18937.04 57938.47 67267.49 61607.87 66882.68 12909.87 352673.21 82954.07 137498.93 424652.10 17942.29 398383.89 20665.79 261409.54 20924.04 122378.88 59246.91 14251.00 19360.16 60512.58 20408.84 108714.30 57484.97 57621.76 66146.41 69038.20 32761.70 183554.12 184351.05 28772.67 188925.77 69649.93 200366.62 254502.89 257102.80 373941.19 94626.85 12189.16 34768.15 7507.72 55626.38 107635.82 18861.82 37502.89 19100.01 22270.03 264415.63 18644.76 108587.93 102695.81 14132.41 64847.06 12930.26 16786.93 15887.36 18724.39 50.23 111346.29 73675.62 74951.47 21234.58 21831.29 707852.65 712963.05 127725.03 272691.02 167054.86 134719.93 135672.76 148975.06 62790.51 105417.08 117013.41 131466.43 104663.47 54440.37 67352.85 99414.45 18116.59 24690.62 15770.68 97098.32 99503.25 9647.57 91252.84 92099.35 20143.83 74240.26 101365.25 245857.04 47638.49 363747.88 498896.25 527146.68 19850.46 21398.47 27293.24 30373.23 30732.03 142753.04 23236.70 26009.07 26779.80 19645.60 20891.21 25720.10 664639.08 19393.03 17242.60 21616.51 153429.02 16501.56 73141.65 34351.35 51720.04 53718.01 1295.72 349448.17 33947.42 225154.16 113616.77 91957.19 154661.59 35299.58 113340.64 16556.20 22177.43 104532.12 99925.60 22480.33 83721.61 19396.66 261628.50 28898.95 20091.53 30248.05 256327.15 133080.24 63078.31 25255.87 27126.00 8738.70 134685.62 28197.54 18350.62 10587.12 243277.97 225276.17 17226.91 34511.79 103343.00 16886.63 14000.82 15056.38 31465.40 655967.03 19917.64 23695.32 118924.70 113733.73 9085.64 6569.08 7904.54 55288.84 376536.98 26225.60 10334.17 958111.23 244398.89 93036.02 11860.29 219836.37 14819.05 613704.01 93113.76 40701.45 43825.07 103475.93 56483.86 76565.75 393723.96 394797.92 23023.43 19061.80 93580.88 190262.50 64715.92 50908.68 13735.08 18467.98 357981.26 55152.28 252607.61 18801.66 13751.87 49484.37 5660.17 1722292.94 2025663.19 19950.55 319306.66 576943.66 22019.25 20700.62 24478.01 22196.67 22981.22 28586.47 30211.31 52860.72 6809.29 227841.12 482034.75 45163.33 78088.32 131240.50 68197.30 49015.00 19365.03 32139.71 57250.97 39862.19 31044.24 40377.16 17023.41 696500.05 19299.82 617664.68 37429.87 9552.29 430756.58 206011.48 21513.18 96876.86 37216.63 219411.69 262908.43 103219.26 125264.46 139839.00 68717.19 557928.11 15892.58 87492.94 13199.02 134902.78 137094.10 22495.32 349840.36 15188.62 86387.18 24943.50 1020493.56 19843.30 40468.53 70501.06 238991.94 216025.15 83557.16 963126.14 236229.52 14444.01 19786.10 794987.81 55869.92 57694.84 39834.78 26048.73 19441.59 132000.67 70312.77 29529.00 16263.83 57750.85 651908.05 61591.04 782899.41 97987.75 262423.93 20579.95 47343.10 142260.62 36635.58 125192.79 57797.25 8894.99 7680.40 19289.25 20045.90 101140.87 40974.38 11453.33 35901.50 73609.85 17489.30 10962.64 11751.48 114051.31 190274.64 198586.15 52734.80 62576.13 21677.18 23452.81 143995.57 1689.58 304381.29 115972.22 5680.20 31008.85 35908.28 37891.70 18501.28 79817.14 81517.82 439841.03 56792.33 57321.54 77472.90 205613.38 40635.50 41961.21 150513.77 36763.97 694850.52 23908.86 60230.02 83552.63 21480.36 68914.67 766038.51 17837.19 20559.85 92487.71 273996.61 41826.69 17189.50 60695.68 13960.91 18270.66 74385.43 32069.96 32112.13 701638.41 13318.63 558096.99 92791.53 95643.61 71115.99 69872.25 613505.12 204668.41 7048.64 22014.75 45474.64 13643.35 13827.05 1413.46 62802.62 781804.41 31497.82 26106.63 11116.27 100493.26 50503.91 41127.42 276919.59 291433.99 171592.32 2558.78 45187.41 77589.19 33041.43 100277.52 690364.15 635977.14 9076.62 80.83 331.89 933403.47 129503.53 62999.53 114178.60 60698.29 130347.81 904.48 13995.16 64134.85 59901.87 689154.82 418130.65 108278.66 105739.27 40123.01 43593.01 315492.81 22095.62 459875.56 215199.26 129150.29 179566.16 37403.34 1691.57 125876.83 25223.30 698488.74 796780.14 26854.29 119978.96 34216.50 46817.53 78485.46 53140.80 46144.35 12901.03 44936.12 16695.40 24260.97 420284.47 12120.75 94122.17 196257.34 199300.28 64471.21 198333.49 213944.67 268523.33 7469.63 8828.68 15733.01 82891.00 76567.49 216260.82 280486.78 34273.90 34551.11 17670.69 26992.55 30882.42 505174.79 36477.31 68527.35 267807.14 13192.54 121658.07 57690.74 281595.04 17207.71 38283.60 333624.39 247.92 13812.06 1702.29 53025.80 69851.31 82599.58 107862.31 165627.84 167792.12 325475.38 5928.17 656639.85 711678.64 79747.71 66236.08 74343.77 316501.63 1308.31 200992.40 769172.36 54835.40 123749.52 172984.03 27637.29 17935.81 22984.49 40829.26 115639.98 31927.52 20513.49 67597.39 21037.48 146041.64 92841.42 70205.63 330241.93 8940.02 132520.47 102691.80 155315.84 13606.29 8192.16 518384.34 206999.44 42522.13 53295.39 29068.45 19938.15 83865.13 53812.22 205977.19 130889.16 73706.87 64131.52 123667.25 94916.10 217438.41 18982.29 13912.52 114230.51 214178.33 14483.39 219356.13 60346.65 274387.43 275670.12 368559.42 8373.19 68579.62 18886.68 13112.02 19148.96 1029.80 14690.27 14746.58 585181.52 240779.66 17097.67 23683.44 33365.65 36769.41 43721.03 13807.29 300636.64 301514.18 134436.32 5069.30 38246.61 43251.25 113775.07 15632.00 14803.49 18978.96 36828.29 15226.20 88905.70 80455.38 1057531.72 248900.16 91765.71 72322.81 69060.61 78228.11 445300.46 285035.35 15706.23 1491.55 641983.86 224934.15 19757.61 60722.24 11455.10 15863.06 17509.19 217271.22 43044.46 7604.67 17454.14 57341.92 54898.98 73581.85 27211.52 156073.09 15287.50 10766.01 13688.07 17984.08 15776.81 214878.51 68809.32 79849.92 20328.11 21121.78 234139.14 100743.80 51300.98 54401.27 184193.75 101129.78 426391.75 6857.25 19592.88 261042.67 12352.55 95809.36 17829.44 96304.47 270949.88 24938.95 29691.47 50928.43 18006.02 59833.52 65013.94 60956.28 651705.46 9757.43 118058.76 558997.98 577769.08 126317.52 99716.09 1609744.93 45898.05 24277.64 10910.42 20017.21 254164.99 635587.56 231495.93 219210.90 16168.98 19798.91 16679.68 25785.69 110972.75 9549.63 15871.82 14014.78 7686.89 344950.10 377859.62 13230.85 7022.31 199008.66 42050.85 266067.64 724298.16 89175.44 39982.26 44686.26 17327.06 26218.46 30321.45 77513.18 264513.53 108960.23 24391.78 1776.00 7871.48 8792.76 18955.28 1296.72 14032.76 25146.74 104781.40 53905.75 35477.56 58688.11 214211.86 38570.43 20933.87 47369.10 17448.77 116592.71 5765.46 60232.41 57017.61 77144.50 48540.18 111200.51 402670.17 181857.49 17965.66 68510.33 17496.23 13667.54 321037.98 28.08 325087.51 664901.84 23377.18 635257.65 293072.37 23843.07 324720.63 21826.98 390608.88 11530.93 154281.94 15834.56 252905.94 7142.14 1149764.87 21299.89 12246.00 27857.48 632736.43 49315.98 82935.12 118286.06 67140.14 13939.19 57762.02 54692.89 111920.20 17428.14 154726.09 768280.55 144663.25 53601.23 244648.45 34193.02 19494.12 66460.35 97358.84 13948.54 246296.96 249947.07 74058.26 24371.97 404178.30 18586.05 129521.06 132267.36 55113.60 8878.31 140327.15 162101.85 99701.17 46434.41 585750.88 80178.65 111864.57 57680.14 105249.89 20221.77 597.60 62594.23 57414.61 38328.68 98419.31 135176.56 87992.97 106197.70 15560.28 56421.66 97840.90 20727.25 22894.41 96409.67 52264.79 8755.92 84843.42 695450.07 71641.58 299692.80 18175.78 402815.13 18146.71 18887.24 247620.69 164286.74 16024.02 164667.70 106360.97 718747.92 15952.31 528.52 96427.22 478782.31 70597.46 63524.99 14848.11 14182.64 21606.14 42193.67 7144.57 39893.39 286555.49 85796.06 1022013.49 286065.45 25857.66 34403.78 75374.65 180191.98 204843.63 107253.62 63786.87 77665.35 1434862.17 24821.06 195499.18 108013.35 22817.53 113547.24 9293.64 24423.34 14113.53 70288.38 14765.06 15262.12 151968.31 120049.49 28394.57 68592.55 78543.54 73625.37 6865.69 18585.35 63195.42 25317.01 689.91 1787749.74 256756.07 86384.26 47636.70 366168.90 72370.61 276531.93 101810.20 298577.60 23774.38 59540.56 18588.09 109133.88 256168.45 898158.84 89491.47 103519.45 90756.09 44445.56 397734.05 65558.69 102653.49 637164.21 374102.59 134975.31 41194.30 14617.64 39210.40 132718.59 78487.71 72129.69 86256.29 118616.46 10053.69 12906.65 100145.39 915571.08 599821.58 36912.00 102087.09 693486.30 14815.17 15118.17 602023.69 854336.10 19076.43 90500.44 12682.63 13016.00 151510.89 175963.36 132812.13 24411.49 14146.92 122061.43 244900.50 67352.17 238896.62 240816.91 108824.75 257356.65 757280.61 40683.86 55323.22 79434.68 68293.90 45342.61 906029.83 175345.73 293145.36 323976.48 336323.79 37529.29 48385.13 9790.07 64384.78 17622.11 122690.56 82142.00 62653.42 30161.90 210294.14 44346.56 19611.41 77552.03 29698.26 12811.13 70564.20 39699.38 105093.36 67289.82 71398.05 66892.62 59725.11 161886.19 21138.57 72905.38 19388.34 781575.90 47824.11 19879.19 124032.36 483939.48 198873.10 212341.69 46381.49 15400.17 77600.55 626564.62 21355.69 35485.33 13014.33 31452.98 20552.60 14918.63 159024.64 18174.53 688884.60 363411.83 79882.78 794541.96 91465.85 60899.67 57055.79 101912.73 100230.18 68402.32 191632.62 138030.14 25879.24 209663.79 52679.97 56544.13 14161.71 6860.60 69769.36 86482.22 7107.39 114684.82 73953.94 43415.73 65119.59 17016.11 61845.51 31370.07 7423.05 79900.74 14012.14 129142.12 111469.15 37493.93 521498.07 262734.72 79660.89 82783.49 13175.02 21008.07 22214.85 19889.01 348287.35 84295.59 276018.60 16264.05 266789.24 12318.01 97029.69 62201.27 68420.35 444452.44 18652.57 48825.50 20758.30 198328.83 243233.52 18166.60 87469.48 343854.87 23693.76 13788.08 16203.90 850735.37 391170.80 24219.34 82105.31 26497.22 311360.04 15020.75 25667.20 17413.52 163873.67 99379.87 146880.75 38257.37 50513.77 154749.52 12393.53 7258.07 85645.35 56969.70 151125.58 21820.88 298829.18 28072.83 7389.07 38411.63 276470.08 50983.15 46766.32 159106.73 635393.01 32157.64 38260.04 207588.17 230258.38 69756.93 16641.04 16213.09 753901.54 159770.70 287307.83 18189.34 1738.91 132104.68 81960.47 91553.49 13211.56 313459.76 265746.24 74256.03 75400.94 359109.73 15429.95 15792.59 21194.98 92660.65 165956.03 19828.93 130119.70 74618.18 403328.11 267449.94 3145.19 51042.54 27296.78 172847.31 375498.77 32574.24 71860.04 725843.46 42935.35 25835.02 65254.69 76423.19 13882.14 29344.00 50165.57 629657.02 817.33 56520.49 16215.48 60208.76 616575.61 21535.49 4711.99 270293.24 28149.05 76856.94 18941.64 14175.79 16163.10 558856.56 591805.65 33659.71 100744.63 130820.08 9233.92 18462.56 363037.37 208675.35 23178.57 113807.08 101668.72 57267.03 18003.45 13958.57 368943.70 73149.08 154711.93 43414.81 58371.26 105090.74 14823.12 12417.43 46477.88 16904.21 13206.45 40839.19 62128.35 199397.10 79810.55 61786.92 268810.65 6842.37 468212.33 71282.15 188075.86 583157.67 172452.31 79082.61 729973.42 82418.38 42608.00 85109.19 97435.34 263043.53 180831.10 107444.16 27071.49 10558.79 110084.68 37818.60 108294.51 595868.03 93285.14 141441.51 696230.99 603753.93 81706.95 102001.37 75339.58 59661.91 20331.04 11500.42 60236.38 243711.82 18696.30 75027.21 435052.88 25702.30 71500.48 12260.12 600597.06 406021.68 14662.78 645831.41 126233.38 74838.12 18118.08 70039.61 13981.77 34234.35 12743.42 186033.14 49953.36 206977.37 508811.17 21470.67 92776.33 21056.50 64888.33 13762.48 45417.61 21694.46 286673.60 356145.83 20292.53 7814.43 58183.40 192476.19 129050.00 1527.62 115607.00 13129.07 51790.52 159874.02 14989.73 671870.66 183358.41 37315.83 59104.05 305355.48 10717.99 65712.28 44795.50 253846.15 103900.50 7396.46 74660.64 101459.80 58053.67 16979.80 248795.73 14751.60 157160.78 72022.95 60405.77 14115.67 188224.84 11747.16 27811.34 14354.27 356881.58 144563.92 19204.61 325965.21 14781.65 13073.67 375436.47 1521.57 8806.22 270234.91 742594.67 15762.27 20419.19 145.64 71163.33 663395.05 44778.22 18319.45 65351.39 16420.52 185882.13 54571.84 41452.30 132879.49 38502.01 325978.92 90543.28 22831.49 99228.22 109844.38 104577.44 95472.58 211795.19 57205.23 104593.12 106954.36 110939.80 59413.16 174783.30 576674.89 108064.99 7778.43 72903.36 123659.34 17267.77 166673.43 6493.78 117652.85 1753.79 7882.62 107610.13 21973.62 132410.05 105643.37 111157.36 190530.13 823552.53 15652.10 76452.70 29424.25 75668.51 63103.91 1163073.26 11606.34 103194.09 15871.79 217554.07 706871.45 101720.15 41327.31 16015.93 58260.11 86978.86 17368.50 82924.41 16654.03 404952.97 258702.96 947255.38 513422.92 470025.44 12602.53 611132.94 96736.56 208522.25 28882.06 341663.14 547453.60 30493.65 12788.33 42742.10 37628.51 8616.12 21373.51 15306.25 20717.14 76893.96 49088.51 19102.60 20432.70 132503.08 175125.77 61745.14 109881.72 92294.13 53370.80 20001.44 67575.66 19358.39 126486.93 279483.12 1057933.85 73285.46 11109.30 19052.76 735055.12 253958.63 99103.92 26588.93 22132.33 81978.01 1822.53 25472.05 240922.40 561195.77 292437.99 12983.62 17113.02 69833.30 18710.60 21241.52 103961.66 18177.31 14946.28 19722.50 22597.20 102154.89 47480.74 17324.54 19399.68 39330.48 37586.98 13934.59 23679.28 66259.58 83203.76 109107.86 11742.66 109035.09 98702.08 19516.05 261465.40 8961.00 90424.43 62708.60 284012.93 24560.21 192623.16 7808.81 36430.91 214410.94 15532.04 301726.58 17769.88 170286.84 49327.72 46209.41 19752.46 20302.09 49797.24 44522.40 53276.45 204943.29 63215.06 13855.37 5269.63 87277.04 15902.31 39628.78 92425.95 686597.41 31635.56 1446.84 30370.02 131412.55 16912.45 53795.08 16206.90 18903.68 21079.44 22147.27 8074.49 256020.86 259530.28 15148.42 110138.90 15856.03 20224.09 19280.74 30076.05 7715.94 67458.01 22.80 373121.68 146094.08 730777.95 25550.67 18812.91 19456.13 26277.68 74365.53 47741.30 50464.84 18730.52 6450.11 302564.31 12489.54 18301.89 24183.45 550235.78 72017.84 36951.69 331640.57 36016.96 67379.42 392677.99 54605.67 22487.15 251904.25 60486.86 9462.27 34764.10 201859.57 19650.29 75397.06 9259.12 38100.44 60822.74 59479.00 110435.36 361081.24 23652.32 37914.92 32173.88 106835.48 194854.72 21592.98 137450.25 72181.36 394.61 46166.19 41885.96 143332.09 47719.52 25881.37 81205.99 37528.48 2316.30 210181.09 269280.25 8997.70 15014.21 21558.74 12964.18 419465.74 25917.49 280852.20 308165.87
